0 0.135047 0.219008 0.018322 0.036600
0 0.160757 0.214876 0.017730 0.035419
0 0.188239 0.182409 0.018322 0.036600
0 0.206265 0.159386 0.017730 0.035419
0 0.192376 0.246163 0.017139 0.034238
0 0.167258 0.250295 0.017730 0.035419
0 0.175532 0.283353 0.017730 0.035419
0 0.013298 0.560213 0.015957 0.031877
0 0.052305 0.579103 0.018322 0.036600
0 0.023050 0.591499 0.017730 0.035419
0 0.008570 0.680047 0.015957 0.033058
0 0.049054 0.662338 0.016548 0.033058
0 0.032506 0.691854 0.020095 0.040142
0 0.039303 0.803424 0.018322 0.036600
0 0.033688 0.874852 0.018913 0.037780
0 0.062057 0.893743 0.017730 0.035419
1 0.244385 0.507084 0.018322 0.036600
1 0.391548 0.426800 0.017139 0.034238
1 0.427600 0.435065 0.017139 0.034238
1 0.518617 0.464581 0.020686 0.041322
1 0.511820 0.556080 0.018913 0.037780
1 0.386525 0.792208 0.018913 0.037780
1 0.317967 0.544274 0.017730 0.035419
1 0.351655 0.523022 0.016548 0.033058
1 0.391844 0.498229 0.016548 0.033058
1 0.404551 0.523613 0.017139 0.034238
1 0.479610 0.553129 0.018322 0.036600
1 0.470745 0.585006 0.018322 0.036600
1 0.457742 0.609799 0.018322 0.036600
1 0.397459 0.712515 0.018322 0.036600
1 0.408688 0.668831 0.018322 0.036600
1 0.330674 0.602715 0.018322 0.036600
1 0.362589 0.582645 0.015957 0.031877
1 0.385343 0.578512 0.017730 0.035419
1 0.406324 0.632231 0.017139 0.034238
1 0.247340 0.570838 0.017139 0.034238
1 0.229314 0.595041 0.017730 0.035419
1 0.247636 0.619835 0.018913 0.037780
1 0.227541 0.668241 0.017730 0.035419
1 0.250296 0.655844 0.018322 0.036600
1 0.187943 0.690673 0.018913 0.037780
1 0.154551 0.713695 0.018322 0.036600
1 0.142730 0.784534 0.018322 0.036600
1 0.197991 0.863046 0.018913 0.037780
1 0.222222 0.746163 0.017730 0.035419
1 0.243203 0.801063 0.018322 0.036600
1 0.245567 0.837662 0.018322 0.036600
1 0.260343 0.686541 0.018322 0.036600
1 0.285165 0.723140 0.018322 0.036600
1 0.317080 0.803424 0.019504 0.038961
1 0.743794 0.235537 0.019504 0.038961
1 0.778960 0.243211 0.018913 0.037780
1 0.762411 0.260921 0.017730 0.035419
1 0.704196 0.329988 0.018322 0.036600
1 0.742612 0.308737 0.017139 0.034238
1 0.755910 0.331759 0.018913 0.037780
1 0.713948 0.391972 0.018913 0.037780
1 0.736702 0.386659 0.017139 0.034238
1 0.773641 0.391972 0.017730 0.035419
1 0.797577 0.341795 0.018322 0.036600
1 0.831560 0.362456 0.018913 0.037780
1 0.821513 0.395514 0.018913 0.037780
1 0.747340 0.518890 0.018322 0.036600
1 0.757683 0.440378 0.016548 0.033058
1 0.759161 0.477568 0.019504 0.038961
1 0.808511 0.420307 0.020095 0.040142
2 0.159279 0.654664 0.019504 0.038961
2 0.200650 0.651122 0.017139 0.034238
2 0.210402 0.616293 0.017730 0.035419
2 0.226950 0.637544 0.021277 0.042503
2 0.161348 0.749705 0.018913 0.037780
2 0.167849 0.805195 0.020095 0.040142
2 0.205378 0.723140 0.019504 0.038961
2 0.236407 0.716647 0.018913 0.037780
2 0.252660 0.874262 0.019504 0.038961
2 0.272754 0.873081 0.019504 0.038961
2 0.320922 0.871311 0.020095 0.040142
2 0.325946 0.765643 0.018322 0.036600
2 0.279846 0.548406 0.020686 0.041322
2 0.319444 0.657025 0.020686 0.041322
2 0.287530 0.665289 0.019504 0.038961
2 0.260934 0.793979 0.019504 0.038961
2 0.276891 0.764463 0.020686 0.041322
2 0.266253 0.716057 0.018322 0.036600
2 0.299941 0.750295 0.018322 0.036600
2 0.263593 0.840614 0.021277 0.042503
2 0.374113 0.451004 0.020095 0.040142
2 0.363771 0.482290 0.019504 0.038961
2 0.377955 0.511806 0.019504 0.038961
2 0.369090 0.553129 0.018322 0.036600
2 0.414598 0.490555 0.020686 0.041322
2 0.408392 0.563164 0.021277 0.042503
2 0.431147 0.509445 0.017139 0.034238
2 0.451832 0.491736 0.019504 0.038961
2 0.468676 0.507674 0.017730 0.035419
2 0.486998 0.510035 0.024823 0.049587
2 0.433215 0.550177 0.020095 0.040142
2 0.454492 0.567887 0.018913 0.037780
2 0.488180 0.597403 0.020095 0.040142
2 0.436170 0.703660 0.017730 0.035419
2 0.414894 0.707202 0.018913 0.037780
2 0.447695 0.642857 0.019504 0.038961
2 0.439421 0.590909 0.019504 0.038961
2 0.423759 0.625738 0.020095 0.040142
2 0.726950 0.260921 0.021277 0.042503
2 0.715721 0.290437 0.018913 0.037780
2 0.821809 0.314640 0.020686 0.041322
2 0.802600 0.303424 0.020095 0.040142
2 0.782506 0.317591 0.018913 0.037780
2 0.765662 0.302834 0.020686 0.041322
2 0.787234 0.517119 0.018913 0.037780
2 0.766548 0.513577 0.021277 0.042503
2 0.776005 0.432113 0.017730 0.035419
2 0.791371 0.400236 0.017730 0.035419
2 0.798759 0.449233 0.019504 0.038961
2 0.823877 0.432113 0.021277 0.042503
2 0.758570 0.376033 0.020686 0.041322
2 0.720745 0.358323 0.019504 0.038961
2 0.783688 0.360094 0.018913 0.037780
2 0.803487 0.379575 0.017139 0.034238
3 0.185579 0.724911 0.018913 0.037780
3 0.181147 0.763282 0.018322 0.036600
3 0.199173 0.795750 0.018913 0.037780
3 0.219563 0.809327 0.017139 0.034238
3 0.208924 0.831759 0.018322 0.036600
3 0.237884 0.769185 0.018322 0.036600
3 0.282801 0.843566 0.018322 0.036600
3 0.286052 0.796930 0.018913 0.037780
3 0.301714 0.831759 0.019504 0.038961
3 0.301418 0.706021 0.020095 0.040142
3 0.301714 0.623967 0.019504 0.038961
3 0.272163 0.636954 0.019504 0.038961
3 0.220745 0.706612 0.017139 0.034238
3 0.257979 0.746753 0.019504 0.038961
3 0.177305 0.872491 0.020095 0.040142
3 0.346336 0.674144 0.018913 0.037780
3 0.373522 0.707202 0.018913 0.037780
3 0.361407 0.627509 0.018322 0.036600
3 0.371749 0.662338 0.020095 0.040142
3 0.384752 0.637544 0.018913 0.037780
3 0.375887 0.609209 0.017730 0.035419
3 0.349291 0.558442 0.018913 0.037780
3 0.383274 0.540142 0.018322 0.036600
3 0.400709 0.597403 0.017730 0.035419
3 0.463948 0.458087 0.017730 0.035419
3 0.436170 0.472255 0.022459 0.044864
3 0.423463 0.579103 0.019504 0.038961
3 0.428487 0.674144 0.018913 0.037780
3 0.447991 0.671783 0.021277 0.042503
3 0.465130 0.661157 0.018913 0.037780
3 0.701241 0.361865 0.019504 0.038961
3 0.713061 0.437426 0.019504 0.038961
3 0.722813 0.472255 0.022459 0.044864
3 0.746454 0.481700 0.020095 0.040142
3 0.817376 0.468713 0.018913 0.037780
3 0.777778 0.480519 0.017730 0.035419
3 0.797577 0.483471 0.021868 0.043684
3 0.730201 0.418536 0.018322 0.036600
3 0.750296 0.410272 0.018322 0.036600
3 0.736111 0.350059 0.020686 0.041322
3 0.725473 0.315821 0.019504 0.038961
3 0.743203 0.273318 0.023050 0.046045
3 0.815603 0.343566 0.020095 0.040142
3 0.737293 0.448052 0.018322 0.036600
3 0.785165 0.274498 0.019504 0.038961
3 0.767730 0.351830 0.017730 0.035419
